Altitude(km) sigma_p sigma_h sigma_0 kappa_i kappa_e nu_in nu_en omega_e omega_i
   60.00 -0.00000000000000046777 -0.00000000000000004836 -0.00000000000000047277 0.00006909790497182089 -0.10344989828558726064 3061749.46540000010281801224 59644120.78531704843044281006 6170178.22857432905584573746 211.56047360773260379574
   65.00 0.00000009843273213314 0.00000001994921104057 0.00000010247852562228 0.00013075604762937700 -0.20280459857922070177 1613556.39355999999679625034 30341099.40097719430923461914 6153314.48446741327643394470 210.98225664901710274535
   70.00 0.00000070436453818039 0.00000029540191962795 0.00000082834383672221 0.00026272356159790254 -0.41969680333372366698 800865.63124000001698732376 14621307.01965101808309555054 6136515.81670846603810787201 210.40627100072524058305
   75.00 0.00000187063408694729 0.00000170056345938217 0.00000341832898954717 0.00055955835629171991 -0.91010648486161982440 374996.64198085089446976781 6724248.17900725733488798141 6119781.87353344261646270752 209.83250460171947793242
   80.00 0.00000189882072756156 0.00000385396655661993 0.00000974554719337992 0.00123646531858172628 -2.03600925205677896201 169241.25751532841240987182 2997585.74132849927991628647 6103112.30317830387502908707 209.26094539086253121241
   85.00 0.00000203367653997705 0.00000926051103009569 0.00004476839569068293 0.00277592619615211122 -4.61468854577134024453 75179.07917210798768792301 1318942.00824762857519090176 6086506.57799698039889335632 208.69157527644813399093
   90.00 0.00001088277191566473 0.00010699423505878469 0.00113256349440930587 0.00626167380489435314 -10.48314722224068518130 33237.82022392000362742692 579021.20359710545744746923 6069964.52210745401680469513 208.12438822790767289916
   95.00 0.00002246699554244895 0.00039975506586199593 0.00955200406270166266 0.01421084715621040613 -23.83361528212260793680 14605.70055627999863645528 253989.41318686006707139313 6053485.95962770190089941025 207.55937821467236403805
  100.00 0.00003617374495889838 0.00070445091429506784 0.03885450581001701625 0.03315200222760581600 -55.04382904648755925336 6243.86200639999970007921 109677.51458229804120492190 6037070.36291166022419929504 206.99652714503611150576
  105.00 0.00007227489564957820 0.00082543023356149950 0.10685323653395231713 0.07972667118461905511 -128.54636470836001649332 2589.29447224000023197732 46836.93365998198714805767 6020717.55607730709016323090 206.43582898843021666835
  110.00 0.00016065379848565804 0.00081511405229596208 0.24733891888145034810 0.19354184959403142319 -292.28775026339110354456 1063.73513575999982094800 20542.86231998354196548462 6004427.01147857680916786194 205.87726565314846993715
  115.00 0.00032508785937937842 0.00070336016327234398 0.52592512612411534967 0.46022574647533442960 -616.57654707989956932579 446.13070588000005045615 9712.01184585355986200739 5988198.72911546938121318817 205.32083713919089973388
  120.00 0.00044267623163372655 0.00044027508336732233 1.02074224325951390391 1.00371254469931736608 -1153.90855895287154453399 204.00913233200000718170 5175.48131089461639930960 5972032.18134192470461130142 204.76652535485149542183
  125.00 0.00038569984766558820 0.00020968820858453902 1.71679887312904511099 1.83705475907016224646 -1869.66204562393613741733 111.16397986000001196771 3185.56341790973601746373 5955927.01639389432966709137 204.21431823899268920286
  130.00 0.00029098884401701269 0.00009888261604734747 2.62206028281645631139 2.93925898456874268305 -2747.98874506139873119537 69.29100731200000495846 2161.53841421161405378371 5939883.23427137918770313263 203.66421579161442423356
  135.00 0.00021571161737702138 0.00004925689705417134 3.74930254104251714509 4.37398118554198589436 -3776.58640427898717462085 46.43737256160000015370 1568.58588611512664101610 5923900.13144629541784524918 203.11619389044204808670
  140.00 0.00016315450737651766 0.00002637082310865916 5.12889366518061695643 6.17902009628165860278 -4957.81989981080914731137 32.78355619159999889689 1191.64831061009067525447 5907977.70791864022612571716 202.57025253547539023202
  145.00 0.00012684782213380244 0.00001508928766794725 6.80748664811080583803 8.39512682235509011264 -6303.26999811981750099221 24.06472039559999842595 934.77125582148858029541 5892115.61192437354475259781 202.02637966557713866678
  150.00 0.00010129153553178332 0.00000913947400874264 8.83660913737136688439 11.06704817629149140146 -7819.05460384006437379867 18.20580881280000085098 751.53759494319126588380 5876313.49169944971799850464 201.48456321960981085795
  155.00 0.00008287679231807032 0.00000580950688442726 11.28565085631345787931 14.24425331177564935103 -9513.09856938519988034386 14.10707790280000040184 616.05279843732103017828 5860570.99547982774674892426 200.94479113643600953765
  160.00 0.00006926614482718633 0.00000384598509754249 14.23639799985379106317 17.98148007236550682819 -11395.00918553706469538156 11.14519219487999990292 512.93401140211403799185 5844887.77150146290659904480 200.40705135491828059457
  165.00 0.00005863947227701626 0.00000262035145688773 17.69128953274135085394 22.34130422540781069074 -13476.99690690237730450463 8.94627018452000122295 432.53432942311059150597 5829263.81976435519754886627 199.87134387505662402873
  170.00 0.00005011936259152018 0.00000182691180300094 21.67398432977278233125 27.38621952436293938149 -15769.70121735344946500845 7.27875749436000063497 368.66257213705949880023 5813698.61262244079262018204 199.33765060514491551658
  175.00 0.00004313881717129743 0.00000129732233739468 26.21017069884429773197 33.19179226438149754586 -18288.47950433827281813137 5.98961206736000040252 317.04067016267083545245 5798191.79831167683005332947 198.80595948404572936852
  180.00 0.00003729699116488793 0.00000093442775126293 31.29573813785736646764 39.83866748413282721231 -21049.10157793054531794041 4.97698048236000012423 274.72637515774653138578 5782743.37683206144720315933 198.27627051175903716285
  185.00 0.00003226212251239578 0.00000067907533400108 36.83493900775201979059 47.41526735421323479613 -24068.89012745053696562536 4.17056734320000010996 239.61856113838317128284 5767352.82053753361105918884 197.74856559657879984115
  190.00 0.00002879223009124515 0.00000051292568199493 44.15376793770939656270 56.01839824737005102406 -27366.77922734451931319200 3.52067972092000003315 210.18256864507927161867 5752019.95354606863111257553 197.22283870793620508266
  195.00 0.00002616031813863663 0.00000039700741084673 53.27360385333902570437 65.75381342588430300111 -30963.34607952068836311810 2.99144745432000025431 185.27533843921139578015 5736744.42409362457692623138 196.69907778469385561948
  200.00 0.00002388049534489700 0.00000031051445083837 63.93080036399196330876 76.73700865069696419596 -34880.95452230980299646035 2.55648837784000004802 164.03008343010452563249 5721525.88041615858674049377 196.17727076571435418373
  205.00 0.00002188809138807606 0.00000024511572764143 76.34347357346406681700 89.09369722211495457032 -39143.75241314227605471388 2.19608596064000005654 145.77969588316199178735 5706364.32251366972923278809 195.65741765099761551028
  210.00 0.00002013290059091953 0.00000019507936173449 90.75583595523610824785 102.96089529390405914455 -43777.91084972416138043627 1.89527781194800004627 130.00298808859110977210 5691259.22274009417742490768 195.13950034883760054072
  215.00 0.00001857552172645821 0.00000015639138228007 107.44059021633078998548 118.48752318572974218114 -48811.69460843595152255148 1.64256545833600009487 116.28791933465083729971 5676210.40521341189742088318 194.62351282866561064111
  220.00 0.00001718463002354101 0.00000012619414807105 126.70132744346048525586 135.83529891674490386322 -54275.62806781974359182641 1.42900589594399995974 104.30496559331638195545 5661217.51816957537084817886 194.10944302934407801331
  225.00 0.00001593503141848031 0.00000010242269016398 148.87593904612526785058 155.18002230528912832597 -60202.95264377006242284551 1.24756577582800010084 93.78743297087864050354 5646280.38572656549513339996 193.59728492030438928850
  230.00 0.00001480632484897261 0.00000008356562748489 174.34007820775022423732 176.71207172185714284751 -66630.00930486635479610413 1.09266460722799996219 84.51745264440555160945 5631398.65612034220248460770 193.08702644040917562052
  235.00 0.00001378178593718614 0.00000006850251381695 203.51446037346019579672 200.63809625136426006975 -73597.93266272437176667154 0.95983098502800001661 76.31426522818000535153 5616572.15346887987107038498 192.57866155908962468857
  240.00 0.00001284762191517777 0.00000005639384560675 236.87927992035290003514 227.18182430234369917343 -81156.32130472676362842321 0.84545574367600007104 69.02482069110091345010 5601800.52600813750177621841 192.07217821520836764648
  245.00 0.00001199234282471535 0.00000004660395218487 275.01299213282788969082 256.58581641297570286042 -89373.74422728472563903779 0.74660233779200013693 62.51370182777261419460 5587083.59785609133541584015 191.56757037819664901690
  250.00 0.00001120633019792982 0.00000003864722999015 318.69299983217894123300 289.11236695667059848347 -98364.24423072030185721815 0.66086701166799999285 56.65088021393419381866 5572421.01724870316684246063 191.06482598691712837535
  255.00 0.00001048145058997898 0.00000003214935020976 369.13127603958588451860 325.04560760687490983400 -108345.54354581904772203416 0.58626830989599998389 51.29710393629213882605 5557812.60830394551157951355 190.56393901080096497935
  260.00 0.00000981076520841986 0.00000002681945456109 428.32555798639782551618 364.69337510666844082152 -119712.63149812740448396653 0.52116355920400003754 46.30470444001966257019 5543258.01925777737051248550 190.06489738871078998272
  265.00 0.00000918839672917493 0.00000002243010572400 499.02362679458366301333 408.38772524791033902147 -132986.05209937915788032115 0.46418557008400007646 41.57396066028468339937 5528756.89834615867584943771 189.56768905950926296100
  270.00 0.00000860934890468823 0.00000001880196997389 583.76510269773109484959 456.48888412980375051120 -148537.30384548922302201390 0.41418821048320003664 37.12406986533937214290 5514309.24556908477097749710 189.07231402319624180564
  275.00 0.00000806939098852942 0.00000001579292699417 684.24905305789934573113 509.38616371989718345503 -166465.65089692323817871511 0.37020784548000001957 33.03933576474634037368 5499914.53328049462288618088 188.57875418806571587993
  280.00 0.00000756485495642073 0.00000001328963074679 801.94824480905481323134 567.50055568620666690549 -186800.52828348166076466441 0.33143052930880001483 29.36593815813883523447 5485572.76148038636893033981 188.08700955411759991875
  285.00 0.00000709253040074008 0.00000001120119479426 938.72656177733085769432 631.28751285005171212106 -209657.11979139488539658487 0.29716581469080005640 26.09634046222016579009 5471283.57840471807867288589 187.59706806021449665423
  290.00 0.00000664959837134361 0.00000000945435820856 1096.96604905686035635881 701.24030413332650368829 -235250.21080875143525190651 0.26682567522480005184 23.19677680002504160939 5457046.63228944502770900726 187.10891764521898039675
  295.00 0.00000623359933447996 0.00000000798984024979 1279.52637672168657445582 777.89072825262724109052 -263870.62627799593610689044 0.23990844926040003071 20.62700953080068799750 5442861.92313456907868385315 186.62255830913105114632
  300.00 0.00000584240387605832 0.00000000675948755345 1489.71356675137485581217 861.80883235703504396952 -295869.14274082606425508857 0.21598521498160000442 18.34841138593298026649 5428728.74741200264543294907 186.13796592967588594547
  305.00 0.00000547374797862923 0.00000000572312938013 1731.43234026848926987441 953.67569089671837900823 -331680.19382533751195296645 0.19467325668480001122 16.32490440396069431017 5414647.45688578952103853226 185.65515256799085364037
  310.00 0.00000512654122569359 0.00000000484977624340 2008.79525971252405724954 1054.07026922678028313385 -371741.68831103190314024687 0.17567528418920000388 14.52787652782491356618 5400617.34802784491330385208 185.17409410180115969524
  315.00 0.00000479898483594133 0.00000000411214731038 2326.75109355973290803377 1163.76652661881621497741 -416614.48718850332079455256 0.15870432795239999835 12.92955096522815061633 5386638.24495614320039749146 184.69478450053804863273
  320.00 0.00000448974578210486 0.00000000348828743364 2690.77601474823040916817 1283.55349564196376377367 -466919.01423271594103425741 0.14352126215159999312 11.50672773653820080142 5372709.97178866714239120483 184.21721773363282181890
  325.00 0.00000419763230497184 0.00000000296000303365 3106.97550603960917214863 1414.28532331704514035664 -523354.76769940723897889256 0.12991819314800001628 10.23938800076681765461 5358832.52852541580796241760 183.74139380108553609716
  330.00 0.00000392158446799249 0.00000000251218408924 3581.92679498753750522155 1556.88336836362532267231 -586676.74533001065719872713 0.11771420538280000234 9.11064782128306482889 5345005.21163830067962408066 183.26728858062125482320
  335.00 0.00000366064129978753 0.00000000213222587581 4122.01268956731382786529 1712.34635221037547125889 -657597.85600433638319373131 0.10675112650912001178 8.10712500420951442948 5331228.02112732268869876862 182.79490207223997799701
  340.00 0.00000341393976653646 0.00000000180959771554 4731.27660875681340257870 1881.75353754207799283904 -736477.73419770551845431328 0.09689059943712001466 7.22017860716885362393 5317500.78111046273261308670 182.32422824537303540637
  345.00 0.00000318070170290378 0.00000000153547710761 5406.60864030103584809694 2066.27153392169657308841 -822648.85694824985694140196 0.08801130833192000180 6.44725057466328355105 5303823.31570569705218076706 181.85526106945175683904
  350.00 0.00000296021511744746 0.00000000130245150447 6133.23850972174568596529 2267.16409338300900344620 -913868.15221893752459436655 0.08000655223067999755 5.78879467943158765308 5290195.09726696182042360306 181.38798245276993270636
  355.00 0.00000275181536300055 0.00000000110428592381 6893.17366786507864162559 2485.79392299758137596655 -1007708.07184539642184972763 0.07278253869780000607 5.23625469837836110543 5276616.12579425610601902008 180.92239239532756300832
  360.00 0.00000255485656805942 0.00000000093571673801 7683.35712604368654865539 2723.63892216165595527855 -1104167.36312686861492693424 0.06625638860116001005 4.76656549113996064193 5263086.04952353797852993011 180.45847883598727889876
  365.00 0.00000236872678807569 0.00000000079229876536 8514.34087758424539060798 2982.29126722512091873796 -1205274.46703485120087862015 0.06035501552860000202 4.35552634371121261125 5249604.69257278554141521454 179.99623574418035332201
  370.00 0.00000219283913750443 0.00000000067026336478 9396.93293529020775167737 3263.47724057711138812010 -1313102.79144038539379835129 0.05501360783432000107 3.98763288997066922548 5236171.87905997596681118011 179.53565708933800237901
  375.00 0.00000202661109921781 0.00000000056640967604 10337.04727829050534637645 3569.05964507356065951171 -1429131.67823778605088591576 0.05017476551772000193 3.65451787036244990503 5222787.25722106825560331345 179.07673081032288564529
  380.00 0.00000186941256994655 0.00000000047800474648 11336.04084751134541875217 3901.05135524286743020639 -1554442.09096713969483971596 0.04578751587992000577 3.35133144003636340713 5209450.65117403957992792130 178.61945087656624764350
  385.00 0.00000172033786408701 0.00000000040266258185 12389.81771889357696636580 4261.63168165679053345229 -1689955.35884741554036736488 0.04180647802680000080 3.07473322169927554270 5196161.88503686897456645966 178.16381125749936131797
  390.00 0.00000157720384461712 0.00000000033809499192 13478.44284812685327779036 4653.15321160406710987445 -1836557.46553258760832250118 0.03819126468464000002 2.82208473200403142656 5182920.78292753547430038452 177.70980592255361329990
  395.00 0.00000144049775851434 0.00000000028294358599 14594.75111111001751851290 5078.15488873749927734025 -1995161.91655202116817235947 0.03490587165896000266 2.59113155187733346096 5169726.99308199342340230942 177.25742281059143579114
  400.00 0.00000131107825995551 0.00000000023607789966 15736.06141366938027204014 5539.38513453616724291351 -2166735.25830852286890149117 0.03191810021624000293 2.37988473393917221443 5156580.16373620275408029556 176.80664986047551678894
  405.00 0.00000118949132168971 0.00000000019643632421 16899.70838299960450967774 6039.80543478446179506136 -2352312.26129199052229523659 0.02919920103503599942 2.18656364438076922241 5143480.47077218350023031235 176.35749310277449808382
  410.00 0.00000107604910707379 0.00000000016304674139 18083.50590192324307281524 6582.61940030438017856795 -2553005.70564122637733817101 0.02672339440400400487 2.00956361954361018007 5130427.38654387090355157852 175.90993444578228377395
  415.00 0.00000097086289535318 0.00000000013503148805 19285.77800865521203377284 7171.28608574528516328428 -2770015.52618015278130769730 0.02446757412708400192 1.84743401713281429899 5117420.91105126589536666870 175.46397388949884543763
  420.00 0.00000087387711912784 0.00000000011160776771 20505.36063477152129053138 7809.54392306652516708709 -3004632.52768217958509922028 0.02241098776911600032 1.69886349482675824696 5104460.51664830371737480164 175.01959334221808717302
  425.00 0.00000078490291293769 0.00000000009208517231 21741.60717884010227862746 8501.42237244086209102534 -3258247.75247629452496767044 0.02053501063544800262 1.56266397340330831511 5091546.37921700533479452133 174.57679883450870761408
  430.00 0.00000070364725976322 0.00000000007586031402 22994.35220461596327368170 9251.27207218647163244896 -3532358.06241808738559484482 0.01882287872585600152 1.43775854015056459012 5078677.97111130598932504654 174.13557227466449717213
  435.00 0.00000062974065471241 0.00000000006241035074 24263.96335544858447974548 10063.80057941570339608006 -3828582.26669639442116022110 0.01725947431702800142 1.32316736681236535311 5065855.11644918564707040787 173.69590763211687090006
  440.00 0.00000056276157244464 0.00000000005128592554 25551.17419929627430974506 10944.07510755846851679962 -4148655.37510569766163825989 0.01583119607399600254 1.21800371023102393941 5053077.63934862054884433746 173.25779887629698805540
  445.00 0.00000050225636937281 0.00000000004210329643 26857.17135346538998419419 11897.56755648157923133112 -4494450.84039157722145318985 0.01452576295001200071 1.12145971083098427989 5040345.53980961255729198456 172.82124600720496232498
  450.00 0.00000044775546240274 0.00000000003453671261 28183.50179279775329632685 12930.18681328095044591464 -4867985.30136949662119150162 0.01333207581781200093 1.03280063084243045601 5027658.29018609505146741867 172.38623093313458412013
  455.00 0.00000039878698451546 0.00000000002831117948 29532.05769828249322017655 14048.30988501835236093029 -5271432.52653268724679946899 0.01224010297979200197 0.95135734757450174381 5015016.06636009272187948227 171.95275968465458049650
  460.00 0.00000035488769056068 0.00000000002319572229 30904.99066233148187166080 15258.79814806710237462539 -5707124.55591370258480310440 0.01124078098911200120 0.87652163813737460352 5002418.16480351518839597702 171.52080813949010007491
  465.00 0.00000031560948832413 0.00000000001899701255 32304.78865319898613961414 16569.07790157889758120291 -6177581.89618487656116485596 0.01032588435786799957 0.80773753310822249407 4989864.76139838807284832001 171.09038232820986991101
  470.00 0.00000028052585724232 0.00000000001555394786 33734.15056315476249437779 17987.14415164391175494529 -6685511.87062800489366054535 0.00948796922684800106 0.74449879092251414203 4977355.50438066571950912476 170.66147018967643589349
  475.00 0.00000024923508009503 0.00000000001273268154 35195.95300283387769013643 19521.61256515444983961061 -7233822.84855274856090545654 0.00872028707286120162 0.68634390443521031688 4964890.21786832809448242188 170.23406569332115623183
  480.00 0.00000022136247141981 0.00000000001042231200 36693.36573383775248657912 21181.79818136918402160518 -7825655.54487091954797506332 0.00801670195110880043 0.63285033408163382518 4952468.72597935143858194351 169.80816280857519018355
  485.00 0.00000019656163264652 0.00000000000853122862 38229.61854493649298092350 22977.70261907315943972208 -8464369.40324830263853073120 0.00737165730980000097 0.58363363430876236126 4940090.67694969661533832550 169.38374947430128258929
  490.00 0.00000017451379347867 0.00000000000698384380 39808.25984273815265623853 24920.18753383476723683998 -9153604.15365033224225044250 0.00678007866079120055 0.53834054476741377560 4927756.24666138179600238800 168.96083172106798997447
  495.00 0.00000015492868693899 0.00000000000571801966 41432.76314382302371086553 27020.84244815539568662643 -9897218.79861052520573139191 0.00623738455786400012 0.49665111296482650216 4915464.73158632032573223114 168.53938542660054622502
  500.00 0.00000013754168004983 0.00000000000468263795 43106.91166344641533214599 29292.27426346925858524628 -10699401.68319983780384063721 0.00573937739041080041 0.45827014003087196414 4903216.30760653689503669739 168.11941662146764997487
  505.00 0.00000012211400550525 0.00000000000383579919 44834.34766571345971897244 31747.95187112120038364083 -11564574.66953729651868343353 0.00528225927534800056 0.42293043736762675477 4891010.62295798677951097488 167.70091324453187553445
  510.00 0.00000010842987170884 0.00000000000314312428 46618.92654657257662620395 34402.51885054988815682009 -12497498.21493163704872131348 0.00486254712894520092 0.39038593307655350406 4878847.50175864808261394501 167.28386926522452426980
  515.00 0.00000009629573297242 0.00000000000257648750 48464.23465346310695167631 37271.65294915901904460043 -13503167.70982066355645656586 0.00447708286188960077 0.36041370978359377197 4866726.76812649983912706375 166.86827865297681228185
  520.00 0.00000008553801054858 0.00000000000211286709 50373.69284727416379610077 40372.28284297487698495388 -14586843.95658301562070846558 0.00412298066114320100 0.33281006066227558637 4854648.42206154204905033112 166.45414140778885325744
  525.00 0.00000007600156110279 0.00000000000173344004 52350.22678357160475570709 43722.67329489481198834255 -15753945.78110219910740852356 0.00379760478705160011 0.30739040411353257820 4842611.76003568619489669800 166.04143340738568213055
  530.00 0.00000006754809646943 0.00000000000142282763 54395.91183066791563760489 47342.41611533111426979303 -17009937.88436826318502426147 0.00349855753684840017 0.28398793497371938033 4830617.13381297979503870010 165.63016671290480985590
  535.00 0.00000006005433583979 0.00000000000116846016 56511.75454411855753278360 51252.65919983155617956072 -18360225.86075306311249732971 0.00322364392037600067 0.26245123847020657148 4818664.01574735529720783234 165.22032323264008368824
  540.00 0.00000005341078039090 0.00000000000096007398 58697.73991314264276297763 55476.14706727603334002197 -19810077.06779940798878669739 0.00297086066137080022 0.24264178222971294341 4806752.40583881363272666931 164.81190296659147520586
  545.00 0.00000004752009022538 0.00000000000078928372 60953.09359589911036891863 60037.40642321878112852573 -21364688.89482219517230987549 0.00273837445150876052 0.22443023400951039870 4794882.12820533290505409241 164.40489988419028577482
  550.00 0.00000004229586996743 0.00000000000064924036 63277.68712483518174849451 64962.93136749601399060339 -23029633.19711417332291603088 0.00252450578262832046 0.20769122175164345112 4783052.65520084928721189499 163.99929589373039107159
  555.00 0.00000003766171949601 0.00000000000053435558 65673.27255720825633034110 70280.99317633546888828278 -24811363.04611764475703239441 0.00232772895860888004 0.19230158092164900685 4771264.33858940377831459045 163.59510305634915994233
  560.00 0.00000003354982653212 0.00000000000044006018 68144.97814482319517992437 76022.24241183347476180643 -26717935.78730991855263710022 0.00214663882664384038 0.17813937845840305263 4759516.47484291251748800278 163.19229724977182627299
  565.00 0.00000002990025109167 0.00000000000036262408 70700.61662933918705675751 82219.50055257041822187603 -28758983.51349051669239997864 0.00197995467511360036 0.16508960539638864451 4747809.23984339553862810135 162.79088450456706027580
  570.00 0.00000002665991166713 0.00000000000029899733 73349.88071119005326181650 88908.20053020623163320124 -30945598.41470157727599143982 0.00182650027546588014 0.15304736455110115600 4736142.28182680997997522354 162.39085275959740783946
  575.00 0.00000002378182428413 0.00000000000024668668 76102.91188806990976445377 96126.58632458469946868718 -33289907.50705783814191818237 0.00168519665795552006 0.14192035828851451429 4724515.60079315770417451859 161.99220201486292580739
  580.00 0.00000002122460226853 0.00000000000020365624 78969.30943197778833564371 103915.31784347374923527241 -35804631.57056787610054016113 0.00155506346448428022 0.13162902290469294386 4712928.66909637115895748138 161.59491417865743301263
  585.00 0.00000001895147567788 0.00000000000016823700 81958.59076321701286360621 112318.87158487398119177669 -38503367.82523371279239654541 0.00143519065858616003 0.12210312832783833115 4701381.66261847317218780518 161.19899528154962808912
  590.00 0.00000001693007858545 0.00000000000013906608 85079.28120608501194510609 121384.34884744844748638570 -41400171.97082875669002532959 0.00132475426024236025 0.11328151566375095627 4689874.22959542181342840195 160.80443326240217061240
  595.00 0.00000001513174686424 0.00000000000011502590 88340.15811622240289580077 131162.92522552239825017750 -44510042.70046518743038177490 0.00122299210554228000 0.10510900260485032953 4678406.19414519425481557846 160.41122209064627668340
  600.00 0.00000001353114959571 0.00000000000009520254 91749.61423639813438057899 141709.30850392053253017366 -47848813.44411488622426986694 0.00112920850031024010 0.09753590621085254930 4666977.38038577046245336533 160.01935573571327608988
  605.00 0.00000001210589246060 0.00000000000007884546 95316.24477894174924585968 153082.49697113229194656014 -51433321.88956241309642791748 0.00104276345993824021 0.09051695704807130594 4655587.78831714671105146408 159.62883419760311198843
  610.00 0.00000001083616338368 0.00000000000006534017 99049.11086325344513170421 165346.14226838425383903086 -55281646.56825250387191772461 0.00096306840444276007 0.08401046919688544279 4644237.06617528479546308517 159.23964541517844395457
  615.00 0.00000000970446871283 0.00000000000005418255 102957.08870458035380579531 178568.08614679405582137406 -59412885.52649974077939987183 0.00088958663771131208 0.07797845529673443077 4632925.03807816002517938614 158.85178335787045966754
  620.00 0.00000000869531525580 0.00000000000004495897 107049.79935098034911789000 192821.67535014561144635081 -63847614.16187347471714019775 0.00082182276296144017 0.07238565745661902640 4621651.52814375143498182297 158.46524199511048891509
  625.00 0.00000000779500379030 0.00000000000003732898 111337.02923054186976514757 208185.36398871082928963006 -68607738.51948215067386627197 0.00075932338502384810 0.06719965502405890467 4610416.36049003805965185165 158.08001529632983306328
  630.00 0.00000000699138973400 0.00000000000003101327 115829.42561401450075209141 224744.16815486986888572574 -73716882.25638921558856964111 0.00070166938949384010 0.06239031541134383574 4599219.53511701896786689758 157.69610326152849211212
  635.00 0.00000000627373823265 0.00000000000002578244 120537.82430236732761841267 242588.87183726855437271297 -79200163.71189203858375549316 0.00064847778316516006 0.05792993960152316435 4588060.70026065222918987274 157.31349382956904037201
  640.00 0.00000000563253543506 0.00000000000002144701 125473.74706434254767373204 261817.14808723912574350834 -85084577.60228359699249267578 0.00059939611334240011 0.05379282367050353120 4576939.68003891594707965851 156.93218096988275078729
  645.00 0.00000000505935731476 0.00000000000001785169 130649.21938090652110986412 282533.81707316130632534623 -91398912.83601747453212738037 0.00055410062520739201 0.04995526021894373253 4565856.47445180919021368027 156.55216468246962335797
  650.00 0.00000000454672749686 0.00000000000001486842 136077.05542346960282884538 304851.82855826499871909618 -98174155.15864743292331695557 0.00051229291831636004 0.04639521190047227184 4554810.73173529095947742462 156.17343290619226081617
  655.00 0.00000000408802934092 0.00000000000001239105 141770.45756243466166779399 328891.88857682340312749147 -105443199.20603704452514648438 0.00047369967159920003 0.04309241667761524314 4543802.27600733749568462372 155.79597961048190768452
  660.00 0.00000000367737916481 0.00000000000001033267 147743.63027750991750508547 354784.29126230545807629824 -113241593.64560447633266448975 0.00043806846766786408 0.04002797150078710869 4532831.28314997069537639618 155.41981082590731944038
  665.00 0.00000000330956350166 0.00000000000000862141 154011.39665051698102615774 382668.72936616383958607912 -121607165.70175561308860778809 0.00040516743742707205 0.03718446359162078801 4521897.22551712766289710999 155.04490846076234333850
  670.00 0.00000000297995355915 0.00000000000000719798 160589.27873086271574720740 412694.87631831062026321888 -130580393.96551387012004852295 0.00037478358797258404 0.03454576747883097293 4510999.92722678557038307190 154.67126648447825232324
  675.00 0.00000000268443316002 0.00000000000000601299 167493.78145805437816306949 445023.85018916707485914230 -140204775.37510979175567626953 0.00034672048437733605 0.03209690523193008127 4500139.38827894348651170731 154.29888489705504639460
  680.00 0.00000000241935006007 0.00000000000000502613 174742.29361495131161063910 479828.45488952385494485497 -150526623.87635853886604309082 0.00032079748945679606 0.02982406363116929526 4489315.60867360420525074005 153.92776369849278239599
  685.00 0.00000000218145499905 0.00000000000000420358 182352.72656539984745904803 517293.35447401646524667740 -161595440.86242482066154479980 0.00029684874833395606 0.02771444563573745995 4478528.06076470017433166504 153.55788479708525073875
  690.00 0.00000000196785124811 0.00000000000000351775 190344.98992716224165633321 557619.07381050835829228163 -173464881.16057294607162475586 0.00027472024431662401 0.02575608800271509888 4467776.74455223325639963150 153.18924819283245142287
  695.00 0.00000000177597202221 0.00000000000000294539 198738.61561714258277788758 601017.56181772134732455015 -186191125.88762909173965454102 0.00025427186091457805 0.02393809929870743813 4457061.66003620252013206482 152.82185388573444129179
  700.00 0.00000000160352114742 0.00000000000000246762 207555.48991818589274771512 647719.35310422268230468035 -199835508.44347429275512695312 0.00023537305632977403 0.02225021125726638072 4446382.27957054227590560913 152.45568378408501075683
  705.00 0.00000000144846051730 0.00000000000000206850 216817.99614380381535738707 697969.76793704787269234657 -214462840.05371609330177307129 0.00021790448656247601 0.02068301799009220412 4435738.77903727721422910690 152.09074391845294371706
  710.00 0.00000000130897068003 0.00000000000000173487 226549.71080136371892876923 752032.46805050619877874851 -230142593.14579138159751892090 0.00020175595430286603 0.01922777927400487127 4425130.98255438357591629028 151.72702825826948469512
  715.00 0.00000000118342854998 0.00000000000000145591 236776.38661674142349511385 810191.73035489965695887804 -246949721.24356245994567871094 0.00018682556124843800 0.01787634550113062146 4414558.53835781849920749664 151.36452474239726484484
  720.00 0.00000000107038893719 0.00000000000000122240 247523.56529797919210977852 872749.33258732967078685760 -264963111.23005196452140808105 0.00017302015791018403 0.01662126191876501374 4404021.27056556101888418198 151.00322734026750026715
  725.00 0.00000000096856009397 0.00000000000000102695 258819.61968550545861944556 940031.69326552806887775660 -284268100.18177706003189086914 0.00016025325865252202 0.01545554830897370203 4393519.35505963210016489029 150.64314208244891801769
  730.00 0.00000000087678741809 0.00000000000000086318 270694.12418416806031018496 1012388.51451986876782029867 -304956089.76335251331329345703 0.00014844524088568640 0.01437273295141362935 4383052.44007598888128995895 150.28425690780414925030
  735.00 0.00000000079404147762 0.00000000000000072588 283177.71610436780611053109 1090193.59107265877537429333 -327123889.45231586694717407227 0.00013752287757230400 0.01336686287623752370 4372620.17385058850049972534 149.92655975519568301024
  740.00 0.00000000071940169282 0.00000000000000061083 296303.39643542008707299829 1173847.83505668118596076965 -350875763.73770296573638916016 0.00012741860758125440 0.01243238542838322018 4362222.73226545192301273346 149.57005665519230319660
  745.00 0.00000000065204403219 0.00000000000000051426 310105.35254911147058010101 1263781.49164971080608665943 -376322640.44162160158157348633 0.00011807004815559041 0.01156417252581872120 4351859.93943855725228786469 149.21474157722522591030
  750.00 0.00000000059123151504 0.00000000000000043316 324620.87652813398744910955 1360457.17982268705964088440 -403584049.28971874713897705078 0.00010941953825330241 0.01075744017972130040 4341531.26772384252399206161 148.86059642958841209293
  755.00 0.00000000053630417086 0.00000000000000036497 339888.24051768076606094837 1464368.60791322449222207069 -432787346.15024667978286743164 0.00010141410603239282 0.01000777196332748933 4331237.06888534780591726303 148.50763327341920216895
  760.00 0.00000000048667181482 0.00000000000000030773 355947.80404962564352899790 1576044.76571697741746902466 -464067948.01634323596954345703 0.00009400483872018201 0.00931108652029731879 4320976.81527701020240783691 148.15583401701152865826
  765.00 0.00000000044180527327 0.00000000000000025959 372843.19370514829643070698 1696053.73951589409261941910 -497571750.51440429687500000000 0.00008714653389056065 0.00866357601355838454 4310750.68278084974735975266 147.80520469093400492966
  770.00 0.00000000040122917829 0.00000000000000021907 390619.92803803912829607725 1825004.95770485559478402138 -533455059.77447658777236938477 0.00008079743925130065 0.00806170653919545920 4300558.14375080261379480362 147.45572720348056350304
  775.00 0.00000000036451846194 0.00000000000000018499 409326.37928541243309155107 1963550.79764884128235280514 -571884154.79074120521545410156 0.00007491907403738501 0.00750221760496021413 4290399.37406889069825410843 147.10740758521993143404
  780.00 0.00000000033129215157 0.00000000000000015633 429012.75397777382750064135 2112382.77587368618696928024 -613036648.60199272632598876953 0.00006947615814793936 0.00698208534125015125 4280274.19785309303551912308 146.76023980558338166702
  785.00 0.00000000030120583512 0.00000000000000013214 449735.47145034704590216279 2272260.19442607043310999870 -657106405.85399019718170166016 0.00006443549561911632 0.00649846390979820152 4270182.26333936490118503571 146.41421180343343166896
  790.00 0.00000000027395304850 0.00000000000000011171 471550.44247185258427634835 2443975.29064406966790556908 -704295978.20538413524627685547 0.00005976710326734768 0.00604876884485827052 4260123.57052770722657442093 146.06932357877019512671
  795.00 0.00000000024925688099 0.00000000000000009452 494519.50508082914166152477 2628387.51617127843201160431 -754826039.64645290374755859375 0.00005544295436058852 0.00563056614412344499 4250097.94353609811514616013 145.72556910102483129776
  800.00 0.00000000022686832385 0.00000000000000007995 518708.78741782880388200283 2826420.52570279501378536224 -808933767.59879708290100097656 0.00005143712374629001 0.00524159749081640636 4240105.20648251660168170929 145.38294233962869839161
  805.00 0.00000000020656432640 0.00000000000000006772 544187.46005812124349176884 3039054.66249765828251838684 -866871444.46930313110351562500 0.00004772584221153132 0.00487978394761480212 4230145.35936696268618106842 145.04144329458179640824
  810.00 0.00000000018814368747 0.00000000000000005740 571029.14334286120720207691 3267340.18812053697183728218 -928911345.96818327903747558594 0.00004428711355536916 0.00454318729620938836 4220218.22630741447210311890 144.70106593531545513542
  815.00 0.00000000017142534973 0.00000000000000004863 599314.40139082656241953373 3512408.63593382108956575394 -995347278.62875199317932128906 0.00004110051339806925 0.00423000448782078712 4210323.45553982816636562347 144.36179820069213519673
  820.00 0.00000000015624634374 0.00000000000000004125 629127.63891386659815907478 3775463.24387852614745497704 -1066494586.08974432945251464844 0.00003814727804721665 0.00393856778809073375 4200461.22294622659683227539 144.02364612128064891294
  825.00 0.00000000014245960947 0.00000000000000003498 660560.61871634039562195539 4057802.66555776353925466537 -1142694154.72431421279907226562 0.00003540995200568560 0.00366732529385660174 4190631.17676256643608212471 143.68659763594351375104
  830.00 0.00000000012993322864 0.00000000000000002971 693709.19369598664343357086 4360801.50058227404952049255 -1224308604.13667845726013183594 0.00003287254572237952 0.00341485237217208125 4180833.14110682578757405281 143.35064671411205949880
  835.00 0.00000000011854751719 0.00000000000000002520 728678.12399431329686194658 4685948.27569910697638988495 -1311734008.41107821464538574219 0.00003052013913543452 0.00317981167617318672 4171067.11597900371998548508 143.01579335578622931280
  840.00 0.00000000010819508817 0.00000000000000002139 765574.65091897826641798019 5034818.86138544231653213501 -1405387703.61323046684265136719 0.00002833905954883454 0.00296098572287088919 4161332.92549708019942045212 142.68203153039735298080
  845.00 0.00000000009877883786 0.00000000000000001821 804514.01959869358688592911 5409104.62070415169000625610 -1505720359.66054534912109375000 0.00002631662192169147 0.00275723878144080699 4151630.56966105569154024124 142.34936123794548734622
  850.00 0.00000000009021124181 0.00000000000000001548 845617.22682604298461228609 5810615.16109835822135210037 -1613210528.38254976272583007812 0.00002444108935961254 0.00256752571840558825 4141959.52082486450672149658 142.01776438672439439870
  855.00 0.00000000008241278327 0.00000000000000001314 889009.58258322463370859623 6241297.87690469995141029358 -1728370918.14910101890563964844 0.00002270156878141821 0.00239087575899380334 4132320.13075254857540130615 141.68725303787149982782
  860.00 0.00000000007531213144 0.00000000000000001117 934825.98228418221697211266 6703231.03808873426169157028 -1851746989.65736126899719238281 0.00002108801088556625 0.00222639048143444956 4122711.87179804546758532524 141.35780909968073615346
  865.00 0.00000000006884483278 0.00000000000000000954 983197.48054154089186340570 7198605.23171873390674591064 -1983905812.67176747322082519531 0.00001959121719598015 0.00207325110575896270 4113134.91984337521716952324 141.02943860272077358786
  870.00 0.00000000006295205483 0.00000000000000000813 1034270.77800996636506170034 7729828.23665888793766498566 -2125467654.56158185005187988281 0.00001820249107458445 0.00193067578060647526 4103588.92312449635937809944 140.70212948585424328485
  875.00 0.00000000005758129905 0.00000000000000000693 1088193.63344313134439289570 8299410.98782547004520893097 -2277075606.08928012847900390625 0.00001691395714165746 0.00179795254522650458 4094073.88164140703156590462 140.37588174908103155758
  880.00 0.00000000005268458806 0.00000000000000000587 1145117.00487155327573418617 8910061.70945974998176097870 -2439414289.14804220199584960938 0.00001571826188168517 0.00167441400249262085 4084589.44363006530329585075 140.05068333126379798159
  885.00 0.00000000004821870600 0.00000000000000000500 1205207.30470309918746352196 9564678.33332157693803310394 -2613219166.58791160583496093750 0.00001460859794690531 0.00155943130873841332 4075135.78497249307110905647 139.72654026297126961254
  890.00 0.00000000004414435274 0.00000000000000000426 1268637.06319201015867292881 10266375.86296349577605724335 -2799271880.01705312728881835938 0.00001357864239283700 0.00145241795154313433 4065712.72978666657581925392 139.40344651363466255134
  895.00 0.00000000004042605255 0.00000000000000000365 1335585.45369498780928552151 11018452.50469931960105895996 -2998401180.81167364120483398438 0.00001262258833196395 0.00135282761768740060 4056319.92630854528397321701 139.08139002211660795183
  900.00 0.00000000003703173897 0.00000000000000000310 1406242.48557932651601731777 11824420.21599245816469192505 -3211487625.46775054931640625000 0.00001173506761885412 0.00126015038714299629 4046957.37453812826424837112 138.76037078841710581401
  905.00 0.00000000003393201292 0.00000000000000000267 1480814.55031489348039031029 12688112.05387852154672145844 -3439489942.98428726196289062500 0.00001091103090783697 0.00117390222548234341 4037624.89859339315444231033 138.44038278196740066051
  910.00 0.00000000003110063461 0.00000000000000000229 1559513.15681097796186804771 13613522.48974870145320892334 -3683403351.30318975448608398438 0.00001014589913130685 0.00109364142730909979 4028322.49847434181720018387 138.12142600276754933475
  915.00 0.00000000002851342575 0.00000000000000000193 1642566.91715097590349614620 14605003.39123245328664779663 -3944318808.11718416213989257812 0.00000943536202826038 0.00101894653901403085 4019049.99829895235598087311 137.80349442024882478108
  920.00 0.00000000002614870710 0.00000000000000000168 1730213.43520080321468412876 15667145.04680958017706871033 -4223374520.07126283645629882812 0.00000877547131867780 0.00094943207218040906 4009807.22218520008027553558 137.48658200384241467873
  925.00 0.00000000002398669426 0.00000000000000000143 1822709.34423681325279176235 16804875.19995222613215446472 -4521803950.32814311981201171875 0.00000816255325442336 0.00088473410481291863 4000594.17013308918103575706 137.17068875354846113623
  930.00 0.00000000002200939164 0.00000000000000000123 1920321.45953306043520569801 18023465.20289451256394386292 -4840916640.68310165405273437500 0.00000759320147749673 0.00082451543512125961 3991410.49037857400253415108 136.85580260822948162058
  935.00 0.00000000002020055759 0.00000000000000000104 2023330.54957239422947168350 19328495.14479651302099227905 -5182095817.62981986999511718750 0.00000706428113233866 0.00076846440572823200 3982256.18292165640741586685 136.54192356788547613178
  940.00 0.00000000001854529245 0.00000000000000000089 2132043.13548225583508610725 20726018.67911380901932716370 -5546849920.44061946868896484375 0.00000657285191824121 0.00071628605510327633 3973131.24776233406737446785 136.22905163251641624811
  945.00 0.00000000001703012927 0.00000000000000000075 2246776.45702621433883905411 22222457.52844594046473503113 -5936764682.77222061157226562500 0.00000611620810016190 0.00066770969458158273 3964035.33313656598329544067 135.91717474098493312340
  950.00 0.00000000001564286398 0.00000000000000000066 2367863.43705508625134825706 23824602.32437892258167266846 -6353524695.25161647796630859375 0.00000569185966031969 0.00062248415308752082 3954968.43904435122385621071 135.60629289329099833594
  955.00 0.00000000001437232661 0.00000000000000000057 2495652.02737642591819167137 25539734.00165706500411033630 -6798930211.11887645721435546875 0.00000529748689162762 0.00058037521241688427 3945930.56548568978905677795 135.29640608943461188574
  960.00 0.00000000001320834450 0.00000000000000000048 2630528.98768176604062318802 27375751.33745811507105827332 -7274927285.86096572875976562500 0.00000493091497669967 0.00054116298431574163 3936921.36069653881713747978 134.98750226827834808319
  965.00 0.00000000001214172217 0.00000000000000000039 2772880.75384065182879567146 29340888.09178918600082397461 -7783548709.46603870391845703125 0.00000459016717587056 0.00050464652709115770 3927940.82467689877375960350 134.67958142982220692829
  970.00 0.00000000001116402961 0.00000000000000000035 2923127.08807645086199045181 31444063.62955705448985099792 -8326990156.33133888244628906250 0.00000427338670844558 0.00047063691488178440 3918988.95742676919326186180 134.37264357406621684277
  975.00 0.00000000001026761854 0.00000000000000000031 3081712.12747591035440564156 33694773.44002050161361694336 -8907581437.18242454528808593750 0.00000397885674698252 0.00043895926573969186 3910065.40718210628256201744 134.06667663987286687188
  980.00 0.00000000000944550484 0.00000000000000000026 3249099.67342225555330514908 36103131.05944880098104476929 -9527807887.56128120422363281250 0.00000370498820106257 0.00040945095074323805 3901169.99806088907644152641 133.76167459667354364683
  985.00 0.00000000000869134977 0.00000000000000000022 3425781.23494762880727648735 38679901.75821741670370101929 -10190301557.93994522094726562500 0.00000345030993976744 0.00038196152093206772 3892303.08182716090232133865 133.45764950560561601378
  990.00 0.00000000000799932233 0.00000000000000000018 3612281.93439588788896799088 41436701.91177482157945632935 -10897911102.61686134338378906250 0.00000321344535402217 0.00035634938828050443 3883463.95495283603668212891 133.15457724439428943697
  995.00 0.00000000000736417008 0.00000000000000000018 3809143.68799312878400087357 44385707.27117640525102615356 -11653607876.59040260314941406250 0.00000299313626033960 0.00033248527067615715 3874652.96920195687562227249 132.85246987417690434086
