Altitude(km) sigma_p sigma_h sigma_0 kappa_i kappa_e
   60.00 -0.00000000000000048981 -0.00000000000000005278 -0.00000000000000049550 0.00006458014126833109 -0.10782636802628002559 3257685.14893164020031690598 56904459.19247231632471084595 6135801.15922395326197147369 210.38176712574954763113
   65.00 0.00000012684340663721 0.00000002673224402325 0.00000013248061762439 0.00012139683107888628 -0.21087676103398261818 1728268.20980142569169402122 29017029.26089949160814285278 6119017.14536678325384855270 209.80628392427286144084
   70.00 0.00000090658518529332 0.00000039775694026232 0.00000108121408690923 0.00024492560872912375 -0.43903404083981034667 854271.73667000781279057264 13899373.25742766074836254120 6102298.00634926371276378632 209.23302512398740304889
   75.00 0.00000234704430062350 0.00000225485605310002 0.00000451563146182943 0.00052949269772675203 -0.96174028147431700475 394079.05033192702103406191 6327741.00386160053312778473 6085643.41415043361485004425 208.66197947784854704878
   80.00 0.00000230072032436707 0.00000491358204209008 0.00001282672717344423 0.00117522481707079177 -2.14222313645275885818 177066.66229845368070527911 2833062.97067026561126112938 6069053.04279742669314146042 208.09313580903585716442
   85.00 0.00000243706512355489 0.00001159438370240258 0.00005832541501858354 0.00262160060487712796 -4.82026043591166963864 79160.22090640504029579461 1255643.06095542525872588158 6052526.56835046131163835526 207.52648301043853962256
   90.00 0.00001244581882956666 0.00012902873771640540 0.00143723950245282185 0.00584396382821903478 -11.04207191387260422744 35414.66308274748007534072 546642.30734672828111797571 6036063.66888782382011413574 206.96201004414029966938
   95.00 0.00002289714956119490 0.00044586038327465633 0.01174778873788365381 0.01329544917111777184 -26.29256994027032234840 15524.08672204012327711098 228949.24452672491315752268 6019664.02449096739292144775 206.39970594090874556059
  100.00 0.00003521471770172628 0.00073556395257669542 0.04863607845194287127 0.03269974198979524321 -66.00230185416579331559 6294.83742911274566722568 90956.33256086135224904865 6003327.31722985953092575073 205.83955979969275063013
  105.00 0.00007640360378321482 0.00083465646803191262 0.13924242848201739964 0.08545035044485091436 -165.52520113426368197906 2402.34896309299119820935 36170.04051420551695628092 5987053.23114833422005176544 205.28156078712029852795
  110.00 0.00017604284392316191 0.00081491030321917336 0.32299837386383706272 0.21326646370306789890 -378.90137882953553116749 959.95260849845112716139 15758.29961530911168665625 5970841.45224956143647432327 204.72569813700027907544
  115.00 0.00033598342858800421 0.00070557624150937865 0.66029649471047013876 0.47457691042061289632 -763.32410159434618890373 430.21891007903485615316 7801.00046106790432531852 5954691.66848173830658197403 204.17196114983181587377
  120.00 0.00046757359946773591 0.00049932134277334795 1.27525410259174720728 0.93504081600020527709 -1361.69119904259719078254 217.76625758791533371550 4361.19699818816934566712 5938603.56972382403910160065 203.62033919231524237148
  125.00 0.00045043143304769557 0.00027717681481264207 2.18264477383373822761 1.62338809752664259278 -2164.45886658618474029936 125.09074201434791007159 2736.28523932755751957302 5922576.84777143318206071854 203.07082169686833594824
  130.00 0.00036992236805928413 0.00014632408911198686 3.40101956766799284892 2.52575632868189936531 -3147.17486206936064263573 80.18326861595330967702 1876.79790770793738374778 5906611.19632279220968484879 202.52339816114479731368
  135.00 0.00029384649530020765 0.00008040695548490706 4.97890717152431783177 3.65116862049127055556 -4317.13329033148147573229 55.31874288522515570321 1364.49488927235938717786 5890706.31096487119793891907 201.97805814755884057377
  140.00 0.00023548795069765330 0.00004697916204014967 6.95017348491996589388 5.00799863621716134787 -5667.58469464071549737127 40.22261304666971426514 1036.57240353459360449051 5874861.88915960211306810379 201.43479128281254020294
  145.00 0.00019238145926149373 0.00002910083558072188 9.28989791316883817274 6.60460842193863317817 -7147.69692635979117767420 30.41718364257853934873 819.71545388595188796899 5859077.63023023959249258041 200.89358725742826550231
  150.00 0.00016029663309336813 0.00001895102749141263 12.06562025555219008766 8.45021629588970490943 -8784.62918972194165689871 23.70997721357005261211 665.17927042208486909658 5843353.23534779064357280731 200.35443582528324668601
  155.00 0.00013593062291807244 0.00001286488185069307 15.31618841400537966990 10.55538583129551533091 -10579.92540817271583364345 18.93036692327381587120 550.82509400452499903622 5827688.40751759894192218781 199.81732680314974004432
  160.00 0.00011701028351836500 0.00000903867803225826 19.08396422154486060663 12.93207518840978842434 -12536.89227354736794950441 15.40992046263707848652 463.59837228795470309706 5812082.85156599525362253189 199.28225007023726789157
  165.00 0.00010199185173232290 0.00000653274125107404 23.41858885814182755780 15.59573832373997070988 -14662.54343426022933272179 12.74381446021077834985 395.32952111044005505391 5796536.27412712387740612030 198.74919556774082707307
  170.00 0.00008986972168542700 0.00000483771570965358 28.36233172633967924980 18.55650489953224990813 -16957.98856483542112982832 10.68186893876700516159 340.90413267629952542848 5781048.38362982496619224548 198.21815329839128594358
  175.00 0.00007990756939259699 0.00000365592581412144 33.97242361116709474800 21.83239188646889417100 -19432.47582503752346383408 9.05485364837793405002 296.70017048759183353468 5765618.89028463978320360184 197.68911332600967512008
  180.00 0.00007159963922077874 0.00000281114865027292 40.30655021628491141428 25.44051392246907994377 -22093.73746031242990284227 7.74992464287178517424 260.26594714453642609442 5750247.50607093889266252518 197.16206577506585517767
  185.00 0.00006458120888976356 0.00000219408836822914 47.42701818528568935562 29.39946493846928632365 -24950.46484153463097754866 6.68845508725363213642 229.85278956315352161255 5734933.94472412113100290298 196.63700083023968545604
  190.00 0.00005858399901793203 0.00000173478488378808 55.40117668906651005045 33.72948252975491101324 -28012.32690271873798337765 5.81431715007732918821 204.18432005260686423753 5719677.92172297276556491852 196.11390873598762141228
  195.00 0.00005344710619824037 0.00000138823953077513 64.34995934996459254762 38.45257175170328167724 -31289.99036457665715715848 5.08659813598674404034 182.31003230781095680868 5704479.15427706390619277954 195.59277979611044884223
  200.00 0.00004911490555606253 0.00000112526861980077 74.53703577060640839136 43.59256042733987612792 -34795.11157648552034515887 4.47492880576437457307 163.50967430606462471587 5689337.36131432652473449707 195.07360437332738456462
  205.00 0.00004534361416510543 0.00000092090474975154 85.97219665787018527681 49.17526429641975482809 -38540.36824662687286036089 3.95638692892629917353 147.22880246390181468996 5674252.26346866134554147720 194.55637288885122870852
  210.00 0.00004203394585504901 0.00000076010477751668 98.78603971018624463341 55.22838037492827822916 -42539.35804670602374244481 3.51343049542073160296 133.03500200576999645818 5659223.58306770399212837219 194.04107582196886028214
  215.00 0.00003910788175117822 0.00000063216478847077 113.12189101265462909396 61.78175247407443038128 -46806.75411434473062399775 3.13244114904045689585 120.58625193988498836006 5644251.04412062186747789383 193.52770370962278434490
  220.00 0.00003650349934815384 0.00000052934416402668 129.13675852460977466762 68.86737065333826990354 -51358.27648563132970593870 2.80272421198708876489 109.60909823134475971074 5629334.37230612896382808685 193.01624714600023935418
  225.00 0.00003417112483141040 0.00000044595972796422 147.00276794317747430796 76.51946540753345971098 -56210.86197805763367796317 2.51578726742082414702 99.88235542717910675492 5614473.29496046062558889389 192.50669678212085500491
  230.00 0.00003207052232924596 0.00000037778071448593 166.90950158871785902193 84.77464082551132662502 -61383.08707184327795403078 2.26481694827366641931 91.22492543445457613416 5599667.54106553550809621811 191.99904332543073337547
  235.00 0.00003016880945448436 0.00000032161778667008 189.06812775649228797192 93.67193532076099415917 -66896.16710220421373378485 2.04429722609732467120 83.48635031218681490373 5584916.84123720787465572357 191.49327753939971330510
  240.00 0.00002843886790494637 0.00000027503797458406 213.72261367802056497567 103.25307362650639220192 -72777.06007994743413291872 1.84972111274846517937 76.53814157365734160976 5570220.92771358229219913483 190.98939024312059586919
  245.00 0.00002685819975570717 0.00000023616614510216 241.17785452747463637024 113.56251129998869942028 -79066.39069492854468990117 1.67737900589146171626 70.26474188987859292865 5555579.53434345219284296036 190.48737231091291732810
  250.00 0.00002540792449620136 0.00000020354182035279 271.87373786039631795575 124.64773605168025483181 -85839.21993406963883899152 1.52419306350785443982 64.55082421334530806689 5540992.39657481666654348373 189.98721467192896739107
  255.00 0.00002407217211499173 0.00000017601828370101 306.55159070041588620370 136.55920870920084553291 -93248.97111960517941042781 1.38759524239244180777 59.26563247925830069107 5526459.25144349224865436554 189.48890830976358756743
  260.00 0.00002283740226957115 0.00000015268599999039 346.48568598818837926956 149.35110992203860291738 -101580.58284916434786282480 1.26542376792995403534 54.26214029256445314786 5511979.83756182249635457993 188.99244426206684011049
  265.00 0.00002169216993311862 0.00000013281996287851 393.39406098012887014193 163.08057676582151884759 -111200.37629717611707746983 1.15585692274585105643 49.43826701103630227863 5497553.89510750584304332733 188.49781362016099706125
  270.00 0.00002062666750744503 0.00000011583604281128 448.69589651465003043995 177.80896494705339705433 -122336.38962598569924011827 1.05734268001976894347 44.82052464173554540139 5483181.16581245325505733490 188.00500752865858089535
  275.00 0.00001963255000175233 0.00000010126164352904 513.09941592748612038122 193.60136732612372156836 -134991.00096986096468754113 0.96855729778610399894 40.51278495351562014548 5468861.39295179583132266998 187.51401718508532212581
  280.00 0.00001870260406153265 0.00000008871162845193 587.11689359812544353190 210.52704856505050656779 -149109.32706857228185981512 0.88836486862027363998 36.58117455539508000584 5454594.32133293990045785904 187.02483383950504958193
  285.00 0.00001783051831541110 0.00000007787011613270 671.51402783794924289396 228.65977162528866983848 -164699.79610886843875050545 0.81578603646920733183 33.03209734205493219861 5440379.69728474225848913193 186.53744879414836077558
  290.00 0.00001701077615462403 0.00000006847666584937 767.37516796717625311430 248.07820675817453093259 -181839.38365813961718231440 0.74997258257516474789 29.84071524817807841146 5426217.26864675059914588928 186.05185340304385022137
  295.00 0.00001623856487810225 0.00000006031566975378 876.05082066157524423033 268.86554481509938341333 -200650.61974128297879360616 0.69018899092953278629 26.97278877950571995825 5412106.78475854638963937759 185.56803907165254940992
  300.00 0.00001550968200491642 0.00000005320768647209 999.12557132042240937153 291.10978699380939360708 -221286.67146646123728714883 0.63579448553696860102 24.39391383437800797651 5398047.99644916970282793045 185.08599725650555001266
  305.00 0.00001481863183366068 0.00000004699117388363 1138.54514633734106610063 314.94214067987275029736 -243953.47012627683579921722 0.58615756870875057594 22.06994904905304366594 5384040.65602661296725273132 184.60571946484350291939
  310.00 0.00001416577309065995 0.00000004156372277154 1296.12920219934380838822 340.38900882330995045777 -268799.67717997095314785838 0.54093167664481667245 19.97801698873306719406 5370084.51726742368191480637 184.12719725426038053229
  315.00 0.00001354621237571526 0.00000003680530641493 1474.33351108416468377982 367.59357242613970129241 -296078.40870652993908151984 0.49960183204577279792 18.09040841176429736947 5356179.33540639746934175491 183.65042223234985385716
  320.00 0.00001295735385893364 0.00000003262570033417 1675.78856596157129388303 396.66855986824901947330 -326041.11325581930577754974 0.46178448354261730779 16.38543315528000121617 5342324.86712630372494459152 183.17538605635314752362
  325.00 0.00001239688412108511 0.00000002894820407735 1903.41933351592660983442 427.73334093988353288296 -358960.33321349043399095535 0.42714014304180719650 14.84431670442717710046 5328520.87054776214063167572 182.70208043281192544782
  330.00 0.00001186275394921327 0.00000002570742790387 2160.36746722661655439879 460.91408067657710034837 -395111.88033051014645025134 0.39536760701631262771 13.45129663216746074283 5314767.10521914344280958176 182.23049711722197230301
  335.00 0.00001135311195503545 0.00000002284732151023 2449.65364600455768595566 496.34480108213165294728 -434714.89958559762453660369 0.36619831116880052768 12.19434470076814314154 5301063.33210658747702836990 181.76062791369085402948
  340.00 0.00001086630349800223 0.00000002031975946902 2773.14188030205150425900 534.16745727752982020320 -477761.67894312558928504586 0.33939256726455069302 11.06704356297591829161 5287409.31358408555388450623 181.29246467459802261146
  345.00 0.00001040085241880609 0.00000001808332205549 3129.31392899426691656117 574.53168736673592320585 -523678.68619899434270337224 0.31473633791904787049 10.07068829113973151834 5273804.81342364940792322159 180.82599930025776302500
  350.00 0.00000995542661675073 0.00000001610220702535 3511.45323387805774473236 617.59613768977374093083 -571112.02512312098406255245 0.29203748652518696227 9.21053902805068247517 5260249.59678556863218545914 180.36122373858478340480
  355.00 0.00000952880385480861 0.00000001434539795046 3912.16411988358322560089 663.52885609219424623006 -618753.79897653590887784958 0.27112329529156931063 8.47953327945166357438 5246743.43020868021994829178 179.89812998476116945312
  360.00 0.00000911985263929512 0.00000001278599776041 4331.87712372214082279243 712.50641791145028491883 -666651.21195092319976538420 0.25183872814351182523 7.85011110425477109942 5233286.08160084299743175507 179.43671008090916529909
  365.00 0.00000872753470584475 0.00000001140059909475 4777.68018964375187351834 764.71520396112396156241 -715854.93650902516674250364 0.23404393581909427313 7.29180879255351577228 5219877.32022934872657060623 178.97695611576287433309
  370.00 0.00000835089335625786 0.00000001016875478298 5256.87603916414900595555 820.35271889153818847262 -767350.06118546344805508852 0.21761232225275070618 6.78506092599781496233 5206516.91671152040362358093 178.51886022434558753957
  375.00 0.00000798906610473073 0.00000000907261771281 5774.83839348638048249995 879.62644396963219151075 -821759.97182741167489439249 0.20242958338550762210 6.31961256455068376425 5193204.64300532732158899307 178.06241458764819185490
  380.00 0.00000764125342476543 0.00000000809654905223 6335.57825534142102696933 942.75502889570964271115 -879472.59341446822509169579 0.18839211246674483768 5.88982568779028348160 5179940.27240007463842630386 177.60761143230982384011
  385.00 0.00000730671205088004 0.00000000722682847827 6942.48267047084027581150 1009.96833247381903220230 -940772.53418320603668689728 0.17540593831925338497 5.49200087350872845349 5166723.57950718794018030167 177.15444303030190553727
  390.00 0.00000698474427761683 0.00000000645139339478 7598.68562753502465056954 1081.50815571474436183053 -1005906.92271381290629506111 0.16338563954872425965 5.12329145359435145224 5153554.34025107137858867645 176.70290169861476670121
  395.00 0.00000667468048012361 0.00000000575961081966 8307.21867640414166089613 1157.62917558556091535138 -1075116.12277614930644631386 0.15225340162128575550 4.78128103835563500468 5140432.33186003193259239197 176.25297979894634181619
  400.00 0.00000637586634895241 0.00000000514209147572 9071.02937831967756210361 1238.59935172590121510439 -1148646.08728055143728852272 0.14193828657541379679 4.46382692600851349596 5127357.33285725116729736328 175.80466973739271452359
  405.00 0.00000608766232792723 0.00000000459054757743 9892.90301438244750897866 1324.69787102692248481617 -1226750.12537522870115935802 0.13237581776152732016 4.16900639931669747540 5114329.12305188924074172974 175.35796396414309583633
  410.00 0.00000580939389019034 0.00000000409760734482 10775.37056980339912115596 1416.21963757521302795794 -1309696.18551440211012959480 0.12350687021446202229 3.89506172496528080273 5101347.48353017587214708328 174.91285497317426234076
  415.00 0.00000554031835744414 0.00000000365669930118 11720.45011586233704292681 1513.47402359202601473953 -1397765.79695264762267470360 0.11527739001946761543 3.64038969027588121818 5088412.19664666894823312759 174.46933530195093453585
  420.00 0.00000527952505737337 0.00000000326190127858 12729.17456304974075464997 1616.78746823154347111995 -1491256.28340415819548070431 0.10763776992994496251 3.40352164983295857326 5075523.04601548612117767334 174.02739753112507514743
  425.00 0.00000502570539603067 0.00000000290776118678 13800.37878875248861731961 1726.50006249906732591626 -1590476.42492953850887715816 0.10054273269644574407 3.18312157108897730851 5062679.81650169286876916885 173.58703428424058756718
  430.00 0.00000477605294616960 0.00000000258866208331 14926.37285108626019791700 1842.98377971938657537976 -1695756.58612712030299007893 0.09394995231797492741 2.97795234028601063514 5049882.29421267379075288773 173.14823822743755954434
  435.00 0.00000450274777227347 0.00000000228693378560 16006.38356366609514225274 1966.75922849633775513212 -1807441.67137724091298878193 0.08781502055094216053 2.78688399534986563921 5037130.26648964453488588333 172.71100206916105435084
  440.00 0.00000421288237054398 0.00000000200559618193 17024.47761105998506536707 2098.27503625627650762908 -1925892.08880639006383717060 0.08210330656520760384 2.60888112636319879911 5024423.52189918886870145798 172.27531855987118092344
  445.00 0.00000392729807760807 0.00000000175298767474 18030.34687282603772473522 2237.90159700191588854068 -2051488.77051163441501557827 0.07678674554858395951 2.44298770837286660651 5011761.85022488702088594437 171.84118049175580722476
  450.00 0.00000364880110096324 0.00000000152751781735 19020.31531929226548527367 2386.10362327655639091972 -2184631.27019547251984477043 0.07183618474333877679 2.28832440085491972681 4999145.04245897755026817322 171.40858069844475153332
  455.00 0.00000337957056216773 0.00000000132728805981 19991.94781313301427871920 2543.43789286947730943211 -2325800.10940349707379937172 0.06722299472460595282 2.14402470385687848875 4986572.89079412817955017090 170.97751205472775382077
  460.00 0.00000312157486489911 0.00000000115049524171 20941.92857659394940128550 2710.27368713113310150220 -2475310.65452274307608604431 0.06292647428415255872 2.00946300599762528449 4974045.18861522059887647629 170.54796747627256081614
  465.00 0.00000287600961675263 0.00000000099502573142 21869.29363321308119338937 2887.21855046750170004088 -2633690.33759994525462388992 0.05892173971097593860 1.88388196579430422517 4961561.73049124982208013535 170.11993991934738801319
  470.00 0.00000264376703787464 0.00000000085886634169 22773.06008518509042914957 3074.82679831379346069298 -2801415.35721773607656359673 0.05518796131008170402 1.76665066799752978888 4949122.31216725241392850876 169.69342238054400695546
  475.00 0.00000242537038874894 0.00000000074005547672 23652.86476319327266537584 3273.68038201799481612397 -2978992.16776343202218413353 0.05170584423155000914 1.65718016447915039713 4936726.73055630549788475037 169.26840789650356100537
  480.00 0.00000222103304040693 0.00000000063672265858 24508.84904112547155818902 3484.38892682824598523439 -3166950.22041730629280209541 0.04845753246533827246 1.55492648794546872715 4924374.78373160958290100098 168.84488954364491064553
  485.00 0.00000203071562247116 0.00000000054711681073 25341.50330805990597582422 3707.57886238958190006088 -3365835.10379973147064447403 0.04542664274694446086 1.45939005311737068915 4912066.27091860119253396988 168.42286043789431460027
  490.00 0.00000185416295315565 0.00000000046961406366 26151.71162639655449311249 3943.91543271026012007496 -3576223.04376651020720601082 0.04259784891456616651 1.37010497738044390026 4899800.99248713627457618713 168.00231373441749838094
  495.00 0.00000169096864796290 0.00000000040273575519 26940.51761132629690109752 4194.06933908178507408593 -3798697.83503971016034483910 0.03995719409446950310 1.28664583554397515819 4887578.74994375742971897125 167.58324262735430920657
  500.00 0.00000154059347984341 0.00000000034513871439 27709.25998504110611975193 4458.75977327355849411106 -4033878.15370969939976930618 0.03749151083482216151 1.20861343851955438389 4875399.34592399187386035919 167.16564034955479201017
  505.00 0.00000140242004175556 0.00000000029562217098 28459.27439058822710649110 4738.71150338876759633422 -4282382.19555042684078216553 0.03518878497943395828 1.13564421906056223222 4863262.58418472111225128174 166.74950017231756760339
  510.00 0.00000127576742966665 0.00000000025311471339 29191.94191160323680378497 5034.69016548302079172572 -4544841.15928143355995416641 0.03303774610511160670 1.06740105970251719647 4851168.26959661860018968582 166.33481540513037089113
  515.00 0.00000115992555486464 0.00000000021667026927 29908.50822387105290545151 5347.47659909697540570050 -4821872.55175131745636463165 0.03102801411481291571 1.00357613275760648719 4839116.20813663862645626068 165.92157939541272071438
  520.00 0.00000105416949057376 0.00000000018545625820 30609.99234659825742710382 5677.88390009612248832127 -5114065.15466292109340429306 0.02914990662726610685 0.94388828865022700310 4827106.20688054244965314865 165.50978552825949918770
  525.00 0.00000095777798020784 0.00000000015874459233 31296.96190813210341730155 6026.74616661117306648521 -5421936.42392474692314863205 0.02739445509433544382 0.88808456933362789343 4815138.07399551942944526672 165.09942722618808375046
  530.00 0.00000087004537791544 0.00000000013590123132 31969.35016817121868371032 6394.91670380219693470281 -5745885.95459790341556072235 0.02575334528610319362 0.83593925404824453995 4803211.61873285658657550812 164.69049794888690030348
  535.00 0.00000079028724661896 0.00000000011637521936 32626.36314502866298425943 6783.28635176654734095791 -6086162.33365414664149284363 0.02421879052034732124 0.78724923667027957297 4791326.65142063423991203308 164.28299119296499952725
  540.00 0.00000071785351911301 0.00000000009969100578 33266.39435873925685882568 7192.74625916988497920102 -6442807.41183177288621664047 0.02278363431530506383 0.74183235318804208180 4779482.98345652315765619278 163.87690049170512907040
  545.00 0.00000065212531287620 0.00000000008543761775 33887.52317562609096057713 7624.22744339580458472483 -6815738.48471645917743444443 0.02144115198929677155 0.69951046948053907659 4767680.42730058915913105011 163.47221941481697626841
  550.00 0.00000059252226976334 0.00000000007326171277 34488.33912592509295791388 8078.67932342487347341375 -7204887.87144280225038528442 0.02018509895489484576 0.66009615712670521859 4755918.79646820016205310822 163.06894156819402041947
  555.00 0.00000053850347860712 0.00000000006286017975 35068.87980928419710835442 8557.05462176921355421655 -7610427.80405003391206264496 0.01900970226131840080 0.62338123791125787942 4744197.90552296582609415054 162.66706059367129455495
  560.00 0.00000048956558873938 0.00000000005397298702 35631.20519463367963908240 9060.33615746299074089620 -8032954.58809843286871910095 0.01790955295131365504 0.58913784687409886942 4732517.57006972469389438629 162.26657016878513672964
  565.00 0.00000044524432934432 0.00000000004637781756 36178.91306076792534440756 9589.50776582634534861427 -8473460.28247024118900299072 0.01687964262184271994 0.55713692510178491890 4720877.60674757231026887894 161.86746400653410660198
  570.00 0.00000040511225298167 0.00000000003988462626 36716.31360716786002740264 10145.56730804188555339351 -8933206.04266224987804889679 0.01591529886427890325 0.52716547796311341578 4709277.83322301786392927170 161.46973585514419369247
  575.00 0.00000036877637375870 0.00000000003433103360 37247.46828619090229040012 10729.53539863277364929672 -9413535.15569454431533813477 0.01501214857060423000 0.49903867043416622051 4697718.06818308774381875992 161.07337949783249086977
  580.00 0.00000033587895911916 0.00000000002957879333 37775.71047589294175850227 11342.40840100146670010872 -9915726.93685243465006351471 0.01416616145988783965 0.47260257983829712103 4686198.13132855575531721115 160.67838875257504582805
  585.00 0.00000030609224088414 0.00000000002550982410 38303.71439454113715328276 11985.22085120363590249326 -10441010.33076606504619121552 0.01337353390995533325 0.44772657963879358700 4674717.84336719941347837448 160.28475747187556521567
  590.00 0.00000027911900783010 0.00000000002202372702 38833.31657910576177528128 12658.96159162425283284392 -10990488.23523902893066406250 0.01263077373173549130 0.42430117081197055162 4663277.02600710839033126831 159.89247954253610828346
  595.00 0.00000025468857378499 0.00000000001903485431 39366.03962396471615647897 13364.65489824368887639139 -11565236.34919391945004463196 0.01193458043622139773 0.40222917729426960198 4651875.50195005256682634354 159.50154888542962794418
  600.00 0.00000023255583769753 0.00000000001647036866 39902.89006089283066103235 14103.28202080981100152712 -12166254.95183542743325233459 0.01128191007032968741 0.38142494245403019137 4640513.09488488826900720596 159.11195945527381923057
  605.00 0.00000021249878470080 0.00000000001426824185 40444.63374032926367362961 14875.81433111609294428490 -12794511.38572843186557292938 0.01066991706856688926 0.36181058345413946720 4629189.62948103435337543488 158.72370524040755412898
  610.00 0.00000019431610951729 0.00000000001237561255 40991.89930823195027187467 15683.22721291498419304844 -13450976.01892984099686145782 0.01009593102956378614 0.34331374354419247341 4617904.93138196226209402084 158.33678026256757220835
  615.00 0.00000017782636794185 0.00000000001074753441 41545.08948885490099200979 16526.43970612014527432621 -14136576.10138109140098094940 0.00955748372822098555 0.32586807400617506802 4606658.82719877921044826508 157.95117857666846816755
  620.00 0.00000016286548428472 0.00000000000934570061 42104.55993405000481288880 17406.35801015711695072241 -14852247.04269187524914741516 0.00905226091400849163 0.30941117066626350196 4595451.14450384303927421570 157.56689427058390151615
  625.00 0.00000014928536169281 0.00000000000813748954 42670.44733580047613941133 18323.83249951013567624614 -15598888.60351109504699707031 0.00857811385631965066 0.29388514966332551781 4584281.71182440128177404404 157.18392146492826100257
  630.00 0.00000013695254125956 0.00000000000709510273 43242.90809258852095808834 19279.68093633088210481219 -16377399.90293810516595840454 0.00813303160102413561 0.27923543332515748938 4573150.35863631404936313629 156.80225431284165438228
  635.00 0.00000012574662387809 0.00000000000619484214 43821.96870455803582444787 20274.65745244119534618221 -17188660.12393740564584732056 0.00771514327019819958 0.26541085125096841590 4562056.91535780299454927444 156.42188699977546662012
  640.00 0.00000011555874864203 0.00000000000541646365 44407.65281512717774603516 21309.51126626364930416457 -18033561.21514439582824707031 0.00732268383791238875 0.25236286715911654399 4551001.21334328129887580872 156.04281374328078868530
  645.00 0.00000010629125617272 0.00000000000474273490 44999.82378849150700261816 22384.85945188448386033997 -18912933.72529738023877143860 0.00695403199324939013 0.24004647564563713624 4539983.08487714733928442001 155.66502879279570947801
  650.00 0.00000009785600252533 0.00000000000415892286 45598.34006688934459816664 23501.28113186888003838249 -19827594.29956041648983955383 0.00660766217629128738 0.22841915639095733415 4529002.36316774506121873856 155.28852642943809314602
  655.00 0.00000009017340589836 0.00000000000365243226 46202.97426203104987507686 24659.29119138978785485961 -20778341.04947980120778083801 0.00628214735628279761 0.21744078950202760936 4518058.88234127685427665710 154.91330096579704900250
  660.00 0.00000008317191695049 0.00000000000321250405 46813.46867627683968748897 25859.29850203497699112631 -21765937.13005237281322479248 0.00597616160135066091 0.20707366976690941285 4507152.47743577696382999420 154.53934674572610674659
  665.00 0.00000007678694943056 0.00000000000282992469 47429.51023362900014035404 27101.65529911248086136766 -22791106.35645857453346252441 0.00568845911597099050 0.19728234838941968721 4496282.98439517803490161896 154.16665814413988755405
  670.00 0.00000007096034593067 0.00000000000249681011 48050.70087806141236796975 28386.58047340232224087231 -23854533.22339932620525360107 0.00541788503588567019 0.18803345251222630674 4485450.24006338231265544891 153.79522956681080358976
  675.00 0.00000006563962561871 0.00000000000220640022 48676.62587438834452768788 29714.22802911221151589416 -24956858.62578212842345237732 0.00516335323602719939 0.17929556557072998113 4474654.08217835798859596252 153.42505545016663859315
  680.00 0.00000006077752266887 0.00000000000195289932 49306.80203250006161397323 31084.62081549976210226305 -26098663.46377584710717201233 0.00492385386231809687 0.17103919346529372625 4463894.34936635009944438934 153.05613026109202223779
  685.00 0.00000005633136882918 0.00000000000173133104 49940.75962161005736561492 32497.69152103145825094543 -27280500.07424033433198928833 0.00469843983834709357 0.16323640948726500510 4453170.88113605882972478867 152.68844849672873920099
  690.00 0.00000005226267206657 0.00000000000153742032 50577.95281192984839435667 33953.25152066922601079568 -28502848.56774151697754859924 0.00448622732322272438 0.15586103639131554388 4442483.51787291653454303741 152.32200468427981832065
  695.00 0.00000004853666046549 0.00000000000136748990 51217.67606801452348008752 35450.97623738279798999429 -29766089.13403414934873580933 0.00428639235103984648 0.14888862560604479435 4431832.10083336848765611649 151.95679338081299647456
  700.00 0.00000004512197616025 0.00000000000121837513 51859.43784758824767777696 36990.46112773485219804570 -31070621.99454382061958312988 0.00409815948629539857 0.14229571821625031092 4421216.47213923651725053787 151.59280917306779201681
  705.00 0.00000004199026448303 0.00000000000108734888 52502.52142203147377585992 38571.15524206536792917177 -32416707.60955259576439857483 0.00392080677200799723 0.13606059344139989631 4410636.47477207053452730179 151.23004667726164029773
  710.00 0.00000003911594944938 0.00000000000097206128 53146.27823425003589363769 40192.36353678186424076557 -33804571.43682014942169189453 0.00375366082666011257 0.13016263083799986533 4400091.95256761554628610611 150.86850053890037770543
  715.00 0.00000003647584596274 0.00000000000087048139 53789.95655936685216147453 41853.30467919569491641596 -35234333.87315019965171813965 0.00359608796930678673 0.12458253832791367499 4389582.75021024234592914581 150.50816543258707724817
  720.00 0.00000003404898850844 0.00000000000078085403 54432.86339844799658749253 43553.06493152240000199527 -36706099.94539129734039306641 0.00344749643447391429 0.11930193400395013026 4379108.71322747040539979935 150.14903606183435158528
  725.00 0.00000003181649105934 0.00000000000070166449 55074.28791369769169250503 45290.58149368366139242426 -38219826.63186381757259368896 0.00330733459846984518 0.11430375469946221778 4368669.68798453547060489655 149.79110715887804872182
  730.00 0.00000002976115513179 0.00000000000063159738 55713.40382418900844641030 47064.69133873231476172805 -39775412.64960447698831558228 0.00317508453224491990 0.10957184932491896567 4358265.52167893759906291962 149.43437348449043611254
  735.00 0.00000002786744227500 0.00000000000056951443 56349.52270521888567600399 48874.13053170342755038291 -41372721.24151024222373962402 0.00305026049989971272 0.10509088916232009470 4347896.06233511865139007568 149.07882982779750591362
  740.00 0.00000002612129366725 0.00000000000051442832 56981.78750572811259189621 50717.44983851043798495084 -43011439.58825315535068511963 0.00293241224627124701 0.10084668637744788333 4337561.15879911277443170547 148.72447100609568337859
  745.00 0.00000002450990434442 0.00000000000046547944 57609.55424899829085916281 52593.21212889412709046155 -44691322.07254711538553237915 0.00282111104948381836 0.09682552361527405060 4327260.66073322854936122894 148.37129186466961527913
  750.00 0.00000002302170195268 0.00000000000042192201 58232.10480579667637357488 54499.80683847647014772519 -46411980.14235321432352066040 0.00271595985129461813 0.09301465710727981062 4316994.41861086338758468628 148.01928727661396578696
  755.00 0.00000002164615771507 0.00000000000038310608 58848.63908621948939980939 56435.53239617496001301333 -48172920.79107481241226196289 0.00261658649919392812 0.08940214155561768128 4306762.28371122851967811584 147.66845214265296704070
  760.00 0.00000002037371202740 0.00000000000034846524 59458.54268624465476023033 58398.64333004954823991284 -49973680.86547887325286865234 0.00252264047571050098 0.08597653872405099096 4296564.10811420995742082596 147.31878139096409086051
  765.00 0.00000001919573490603 0.00000000000031750723 60061.07426683375524589792 60387.17883587017422541976 -51813581.29898390173912048340 0.00243379924033975325 0.08272733976756185825 4286399.74469523038715124130 146.97026997700166361938
  770.00 0.00000001810425268696 0.00000000000028979799 60655.73804763699445175007 62399.36938071020995266736 -53692186.26908046752214431763 0.00234974991475873181 0.07964415950003345124 4276269.04712015017867088318 146.62291288332241379067
  775.00 0.00000001709212104241 0.00000000000026496138 61242.05081661495933076367 64433.22047360953001771122 -55608851.68837498128414154053 0.00227020633214077526 0.07671749623148632624 4266171.86984018981456756592 146.27670511941099107389
  780.00 0.00000001615281692300 0.00000000000024266782 61819.36332405936263967305 66486.60733584701665677130 -57562823.02185715734958648682 0.00219490281680877674 0.07393848745866531125 4256108.06808695662766695023 145.93164172150972035524
  785.00 0.00000001528034443731 0.00000000000022262647 62387.57506122330960351974 68557.66259762564732227474 -59553728.82852094620466232300 0.00212358053405233222 0.07129826429665821197 4246077.49786739982664585114 145.58771775244545665373
  790.00 0.00000001446930851139 0.00000000000020458465 62946.24865959672024473548 70644.18472092437150422484 -61580847.11344528943300247192 0.00205600685852973296 0.06878892081746028342 4236080.01595891546458005905 145.24492830146189703555
  795.00 0.00000001371474229134 0.00000000000018831844 63495.36670276291260961443 72744.15513843100052326918 -63643826.03917276114225387573 0.00199195754226990512 0.06640259932366768258 4226115.47990439645946025848 144.90326848404973247852
  800.00 0.00000001301212847878 0.00000000000017363186 64035.00520787567074876279 74855.56318634678609669209 -65742319.72760183364152908325 0.00193122230717713552 0.06413195891895533129 4216183.74800738785415887833 144.56273344178049455877
  805.00 0.00000001235733453404 0.00000000000016035214 64565.31527309672674164176 76976.33593815908534452319 -67876155.68703459203243255615 0.00187360591517379176 0.06196998985507782415 4206284.67932721599936485291 144.22331834213977685977
  810.00 0.00000001174660064088 0.00000000000014832710 65086.74908414531091693789 79104.47110473561042454094 -70045355.69736309349536895752 0.00181892396686222186 0.05991001247541961200 4196418.13367422763258218765 143.88501837836369645629
  815.00 0.00000001117647988280 0.00000000000013742224 65599.86647066855221055448 81237.99711918128014076501 -72250142.33424429595470428467 0.00176700354341183643 0.05794568476054973161 4186583.97160496935248374939 143.54782876927387746946
  820.00 0.00000001064381855013 0.00000000000012751902 66105.47786394959257449955 83375.01234666096570435911 -74491046.46577960252761840820 0.00171768184169692720 0.05607092734743997220 4176782.05441750306636095047 143.21174475911666945649
  825.00 0.00000001014573782815 0.00000000000011851241 66604.45889744751912076026 85513.65718604534049518406 -76768700.33158266544342041016 0.00167080635209596192 0.05428009365989450163 4167012.24414668045938014984 142.87676161740105840181
  830.00 0.00000000967959149274 0.00000000000011030952 67097.84495980020437855273 87652.13549209159100428224 -79084075.33506764471530914307 0.00162623390563712989 0.05256778164182505236 4157274.40355947846546769142 142.54287463873902197520
  835.00 0.00000000924295222688 0.00000000000010282750 67586.72268448867544066161 89788.84492420502647291869 -81438224.12789621949195861816 0.00158382791607056153 0.05092901325594652306 4147568.39615037059411406517 142.21007914268645322409
  840.00 0.00000000883360802423 0.00000000000009599345 68072.04426378919743001461 91922.13703269786492455751 -83832140.70891304314136505127 0.00154346248959724101 0.04935927976006951323 4137894.08613675087690353394 141.87837047358658537632
  845.00 0.00000000844953100197 0.00000000000008974250 68554.58248182403622195125 94050.45770677906693890691 -86266657.86430037021636962891 0.00150501919343885805 0.04785454126376587070 4128251.33845433499664068222 141.54774400041205240086
  850.00 0.00000000808883819081 0.00000000000008401654 69034.78545146083342842758 96172.46375821714173071086 -88742383.59363578259944915771 0.00146838491599467886 0.04641119442556912444 4118640.01875266572460532188 141.21819511661098545119
  855.00 0.00000000774981831048 0.00000000000007876406 69512.93753480815212242305 98286.92133202558034099638 -91259563.88120511174201965332 0.00143345337640608827 0.04502607528060791064 4109059.99339058808982372284 140.88971923995165980159
  860.00 0.00000000743089899199 0.00000000000007393925 69988.67203210551815573126 100392.55460348186898045242 -93817723.33117298781871795654 0.00140012685569708309 0.04369655310181320279 4099511.12943181954324245453 140.56231181237080818391
  865.00 0.00000000713062144000 0.00000000000006950085 70461.37667676825367379934 102488.40348556581011507660 -96415979.03061211109161376953 0.00136831059447199005 0.04242028485072884408 4089993.29464046517387032509 140.23596829981971723100
  870.00 0.00000000684766073570 0.00000000000006541257 70930.18802906219207216054 104573.50496106076752766967 -99052903.73899754881858825684 0.00133791713536055576 0.04119522198186864603 4080506.35747667076066136360 139.91068419211529771928
  875.00 0.00000000658077774152 0.00000000000006164149 71393.88900192183791659772 106647.09692617456312291324 -101726658.37035006284713745117 0.00130886314795251217 0.04001950179343365804 4071050.18709223717451095581 139.58645500278950635220
  880.00 0.00000000632884684602 0.00000000000005815785 71851.19575544797407928854 108708.43820406938903033733 -104435020.79732722043991088867 0.00128107144734719612 0.03889140464871929798 4061624.65332626830786466599 139.26327626894041600281
  885.00 0.00000000609082815597 0.00000000000005493594 72300.90827443324087653309 110756.97645435553567949682 -107175696.60181145370006561279 0.00125446854906105672 0.03780922126175757098 4052229.62670088792219758034 138.94114355108501968061
  890.00 0.00000000586575754377 0.00000000000005195159 72741.85053765408520121127 112792.33566055743722245097 -109946307.26555515825748443604 0.00122898467897838894 0.03677126662064385959 4042864.97841696161776781082 138.62005243301288714974
  895.00 0.00000000565274572417 0.00000000000004918370 73172.88710820151027292013 114814.16194019708200357854 -112744478.09821823239326477051 0.00120455522371601268 0.03577585925614926166 4033530.58034985885024070740 138.29999852164058893322
  900.00 0.00000000545098011020 0.00000000000004661332 73593.08804056007647886872 116822.17799686324724461883 -115567875.73136584460735321045 0.00118111971384895370 0.03482132279042157719 4024226.30504521820694208145 137.98097744686666032976
  905.00 0.00000000525970009606 0.00000000000004422308 74001.78391091618686914444 118816.37934055065852589905 -118414502.09984178841114044189 0.00115861959121696802 0.03390591485432725011 4014952.02571479091420769691 137.66298486142898127582
  910.00 0.00000000507820585087 0.00000000000004199744 74398.34376154684287030250 120796.75736115152540151030 -121282374.07834216952323913574 0.00113700085533035254 0.03302794529438220911 4005707.61623228434473276138 137.34601644076235515968
  915.00 0.00000000490585401212 0.00000000000003992234 74782.32244065965642221272 122763.44126565716578625143 -124169597.72946541011333465576 0.00111621233870698553 0.03218576063874020732 3996492.95112923346459865570 137.03006788285682659989
  920.00 0.00000000474204523662 0.00000000000003798519 75153.50056892240536399186 124716.63462578780308831483 -127074713.27816785871982574463 0.00109620609406541189 0.03137766596303595557 3987307.90559092070907354355 136.71513490811793190005
  925.00 0.00000000458623119971 0.00000000000003617467 75511.66316994882072322071 126656.59940391112468205392 -129996083.41253393888473510742 0.00107693727686656118 0.03060209393253719018 3978152.35545230330899357796 136.40121325922697792521
  930.00 0.00000000443789637374 0.00000000000003448028 75856.79345346121408510953 128583.74903699381684418768 -132932520.52948693931102752686 0.00105836312691310469 0.02985745069291434461 3969026.17719398066401481628 136.08829870100268522037
  935.00 0.00000000429657095940 0.00000000000003289269 76188.87849102924519684166 130498.49874508050561416894 -135882671.42960613965988159180 0.00104044405357868290 0.02914226815145910116 3959929.24793819244951009750 135.77638702026422379276
  940.00 0.00000000416180582750 0.00000000000003140330 76508.06928897157195024192 132401.51712591672549024224 -138845710.43732246756553649902 0.00102314140325797279 0.02845504865077085402 3950861.44544485351070761681 135.46547402569495943681
  945.00 0.00000000403320287400 0.00000000000003000436 76814.64752411242807283998 134293.31000607958412729204 -141820690.57772549986839294434 0.00100642061426282729 0.02779441160559897525 3941822.64810759434476494789 135.15555554770688218014
  950.00 0.00000000391038280313 0.00000000000002868897 77108.71204761462286114693 136174.56032962829340249300 -144806545.47316780686378479004 0.00099024830417584965 0.02715908125629986139 3932812.73494984582066535950 134.84662743830634212827
  955.00 0.00000000379299518867 0.00000000000002745073 77390.51698748310445807874 138045.87692917609820142388 -147802580.36034348607063293457 0.00097459401587187723 0.02654778811069893885 3923831.58562095090746879578 134.53868557096066638223
  960.00 0.00000000368071402272 0.00000000000002628366 77660.57419473408663179725 139908.18039167503593489528 -150808358.61780130863189697266 0.00095942728627219562 0.02595929772244193884 3914879.08039229642599821091 134.23172584046557176407
  965.00 0.00000000357323762177 0.00000000000002518265 77919.05730969415162689984 141762.16319748031673952937 -153823064.80238780379295349121 0.00094472136388219416 0.02539251902938842800 3905955.10015348205342888832 133.92574416281379967586
  970.00 0.00000000347028462725 0.00000000000002414274 78166.38276180093816947192 143608.67543937228037975729 -156846286.93575212359428405762 0.00093045030926057069 0.02484636138058433572 3897059.52640852099284529686 133.62073647506485940539
  975.00 0.00000000337159124546 0.00000000000002315958 78402.87562018868629820645 145448.59493888611905276775 -159877571.95649877190589904785 0.00091658980130561668 0.02431981042550474328 3888192.24127204390242695808 133.31669873521477143186
  980.00 0.00000000327691836413 0.00000000000002222906 78629.10888871370116248727 147282.80827680096263065934 -162916726.50468623638153076172 0.00090311712872885781 0.02381187745847539866 3879353.12746553914621472359 133.01362692206734550382
  985.00 0.00000000318603938760 0.00000000000002134757 78845.19630838945158757269 149112.07142092101275920868 -165963006.99020791053771972656 0.00089001189354068254 0.02332171571549091285 3870542.06831366010010242462 132.71151703510739139347
  990.00 0.00000000309874231040 0.00000000000002051163 79051.82826522689720150083 150937.50086417995044030249 -169016576.83039334416389465332 0.00087725293142040990 0.02284840351260766789 3861758.94774048263207077980 132.41036509437253698707
  995.00 0.00000000301483207879 0.00000000000001971827 79249.31613653640670236200 152759.88607843735371716321 -172077096.61110076308250427246 0.00086482237275624959 0.02239114749229977747 3853003.65026587573811411858 132.11016714032857066741
